MHUs	11													
Surfaces	1													

mhuID	Type	Anchor	a	b	c	x	y	z	I	j	k	l	m	n
0	1	1	0.01	0.005	-1	0.0025	0	0	1	0	0	0	1	0
1	1	0	0.01	0.005	-1	0.0075	0	0	1	0	0	0	1	0
2	1	0	0.01	0.005	-1	0.0125	0	0	1	0	0	0	1	0
3	1	0	0.01	0.005	-1	0.0175	0	0	1	0	0	0	1	0
4	1	0	0.01	0.005	-1	0.0225	0	0	1	0	0	0	1	0
5	1	0	0.01	0.005	-1	0.0275	0	0	1	0	0	0	1	0
6	1	0	0.01	0.005	-1	0.0325	0	0	1	0	0	0	1	0
7	1	0	0.01	0.005	-1	0.0375	0	0	1	0	0	0	1	0
8	1	0	0.01	0.005	-1	0.0425	0	0	1	0	0	0	1	0
9	1	0	0.01	0.005	-1	0.0475	0	0	1	0	0	0	1	0
10	1	0	0.0115	0.012	-1	0.056	0	0	1	0	0	0	1	0

Surface	1			
Nodes1	60			
Springs1	30			

NodeID	mhuID	U	V	W
0	0	0.01	0	0.002375
1	0	-0.005	0.008660254	0.002375
2	0	-0.005	-0.008660254	0.002375
3	1	0.01	0	-0.002375
4	1	-0.005	0.008660254	-0.002375
5	1	-0.005	-0.008660254	-0.002375
6	1	0.01	0	0.002375
7	1	-0.005	0.008660254	0.002375
8	1	-0.005	-0.008660254	0.002375
9	2	0.01	0	-0.002375
10	2	-0.005	0.008660254	-0.002375
11	2	-0.005	-0.008660254	-0.002375
12	2	0.01	0	0.002375
13	2	-0.005	0.008660254	0.002375
14	2	-0.005	-0.008660254	0.002375
15	3	0.01	0	-0.002375
16	3	-0.005	0.008660254	-0.002375
17	3	-0.005	-0.008660254	-0.002375
18	3	0.01	0	0.002375
19	3	-0.005	0.008660254	0.002375
20	3	-0.005	-0.008660254	0.002375
21	4	0.01	0	-0.002375
22	4	-0.005	0.008660254	-0.002375
23	4	-0.005	-0.008660254	-0.002375
24	4	0.01	0	0.002375
25	4	-0.005	0.008660254	0.002375
26	4	-0.005	-0.008660254	0.002375
27	5	0.01	0	-0.002375
28	5	-0.005	0.008660254	-0.002375
29	5	-0.005	-0.008660254	-0.002375
30	5	0.01	0	0.002375
31	5	-0.005	0.008660254	0.002375
32	5	-0.005	-0.008660254	0.002375
33	6	0.01	0	-0.002375
34	6	-0.005	0.008660254	-0.002375
35	6	-0.005	-0.008660254	-0.002375
36	6	0.01	0	0.002375
37	6	-0.005	0.008660254	0.002375
38	6	-0.005	-0.008660254	0.002375
39	7	0.01	0	-0.002375
40	7	-0.005	0.008660254	-0.002375
41	7	-0.005	-0.008660254	-0.002375
42	7	0.01	0	0.002375
43	7	-0.005	0.008660254	0.002375
44	7	-0.005	-0.008660254	0.002375
45	8	0.01	0	-0.002375
46	8	-0.005	0.008660254	-0.002375
47	8	-0.005	-0.008660254	-0.002375
48	8	0.01	0	0.002375
49	8	-0.005	0.008660254	0.002375
50	8	-0.005	-0.008660254	0.002375
51	9	0.01	0	-0.002375
52	9	-0.005	0.008660254	-0.002375
53	9	-0.005	-0.008660254	-0.002375
54	9	0.01	0	0.002375
55	9	-0.005	0.008660254	0.002375
56	9	-0.005	-0.008660254	0.002375
57	10	0.01	0	-0.006
58	10	-0.005	0.008660254	-0.006
59	10	-0.005	-0.008660254	-0.006	

SpringID	startNode	endNode	rest length	stiffness	Damping
0	0	3	-1	24164	10
1	1	4	-1	24164	10
2	2	5	-1	24164	10
3	6	9	-1	24164	10
4	7	10	-1	24164	10
5	8	11	-1	24164	10
6	12	15	-1	24164	10
7	13	16	-1	24164	10
8	14	17	-1	24164	10
9	18	21	-1	24164	10
10	19	22	-1	24164	10
11	20	23	-1	24164	10
12	24	27	-1	24164	10
13	25	28	-1	24164	10
14	26	29	-1	24164	10
15	30	33	-1	24164	10
16	31	34	-1	24164	10
17	32	35	-1	24164	10
18	36	39	-1	24164	10
19	37	40	-1	24164	10
20	38	41	-1	24164	10
21	42	45	-1	24164	10
22	43	46	-1	24164	10
23	44	47	-1	24164	10
24	48	51	-1	24164	10
25	49	52	-1	24164	10
26	50	53	-1	24164	10
27	54	57	-1	24164	10
28	55	58	-1	24164	10
29	56	59	-1	24164	10
